epoch,acc,loss,val_acc,val_loss
0,0.50460000000000005,1.4774661350631715,0.49469999999999997,1.6606217988967895
1,0.66439999999999999,1.0639047989082338,0.59689999999999999,1.3208480792999266
2,0.72941999999999996,0.8848518431091309,0.66000000000000003,1.1320065322875976
3,0.77298,0.76970695684432988,0.68779999999999997,1.0394898378372193
4,0.80381999999999998,0.6830640912437439,0.70389999999999997,1.0421853782653809
5,0.82586000000000004,0.61686883440017704,0.7097,1.0679980789184571
6,0.84594000000000003,0.56259721849441524,0.73750000000000004,0.93895587463378904
7,0.86551999999999996,0.50973182800292971,0.73029999999999995,0.98204947099685669
8,0.88048000000000004,0.46382385980606078,0.74439999999999995,0.99087461891174311
9,0.89470000000000005,0.4251747333049774,0.73550000000000004,1.0361134208679199
10,0.90873999999999999,0.38576745176315308,0.74509999999999998,0.95388143653869628
11,0.73265999999999998,0.93006271970748899,0.61560000000000004,1.320125001335144
12,0.80549999999999999,0.73536396446228025,0.72529999999999994,1.0191121838569641
13,0.83391999999999999,0.66053310832023615,0.72060000000000002,1.0946335429191589
14,0.85192000000000001,0.61151239757537845,0.66910000000000003,1.3409395437240601
15,0.86677999999999999,0.57185068075180057,0.74880000000000002,1.0274575233459473
16,0.88109999999999999,0.53894797451019283,0.76070000000000004,0.98760357322692871
17,0.88859999999999995,0.51498037351608272,0.78710000000000002,0.84920878515243525
18,0.90051999999999999,0.49035662750244141,0.67859999999999998,1.4269761751174928
19,0.90803999999999996,0.4702349361228943,0.76790000000000003,1.1280559226036071
20,0.91688000000000003,0.45173550456047057,0.80049999999999999,0.91461597480773926
21,0.92234000000000005,0.43821675825119016,0.76590000000000003,1.076857738494873
22,0.92889999999999995,0.42499115570068358,0.75109999999999999,1.1667576423645019
23,0.93333999999999995,0.4088649996948242,0.78200000000000003,0.97599745721817022
24,0.93896000000000002,0.40083708984374999,0.74690000000000001,1.4340445605278016
25,0.94272,0.39187632528305055,0.74539999999999995,1.2092970165252686
26,0.94686000000000003,0.38106286706924436,0.7742,1.1811942520141601
27,0.95167999999999997,0.37094183561325073,0.74790000000000001,1.2164186022758483
28,0.95077999999999996,0.37161233966827395,0.73429999999999995,1.5254634206771851
29,0.95682,0.35348307967185977,0.76929999999999998,1.2445623445510865
30,0.95777999999999996,0.35143527700424193,0.79820000000000002,1.0764580432891846
31,0.95908000000000004,0.3470577951335907,0.76300000000000001,1.4367450550079346
32,0.95911999999999997,0.34613360883712768,0.77170000000000005,1.2767887633323669
33,0.96365999999999996,0.33462199219703676,0.8125,1.0576467533111573
34,0.96886000000000005,0.31665315274238587,0.79710000000000003,1.1637090803146362
35,0.9677,0.31851165481567384,0.7873,1.2384997387886048
36,0.96455999999999997,0.32673974691390989,0.7762,1.2456452825546265
37,0.97433999999999998,0.29802426496505735,0.79849999999999999,1.1148026282310486
38,0.96848000000000001,0.30989681066513064,0.75639999999999996,1.5274736285209656
39,0.97214,0.29686400848388672,0.7923,1.1512642126083374
40,0.97236,0.29414911880493166,0.76659999999999995,1.2968797702789308
41,0.97192000000000001,0.29477074621200561,0.8014,1.1012088817596435
42,0.97202,0.29419268201351167,0.80659999999999998,1.1551433832168578
43,0.97807999999999995,0.27548092170715333,0.78649999999999998,1.2523260654449462
44,0.97987999999999997,0.2664399499797821,0.81220000000000003,1.1312292620658875
45,0.97875999999999996,0.26556225423812868,0.79039999999999999,1.2665309579849242
46,0.97687999999999997,0.2693592161178589,0.78939999999999999,1.2368281558990479
47,0.97387999999999997,0.27446369188308717,0.78949999999999998,1.303950778388977
48,0.97867999999999999,0.25951826672554018,0.79569999999999996,1.172324125099182
49,0.98128000000000004,0.25035128993988037,0.78610000000000002,1.3334651902198791
50,0.97746,0.25986037992477418,0.75009999999999999,1.4868754592895508
51,0.97619999999999996,0.26138106566905978,0.81030000000000002,1.1033487390518188
52,0.98355999999999999,0.24077404621601103,0.81910000000000005,1.0598011741638182
53,0.98065999999999998,0.24275011154174805,0.81169999999999998,1.1261030349731445
54,0.98362000000000005,0.23551964090347291,0.82079999999999997,1.0486726909637452
55,0.98229999999999995,0.2356567627811432,0.79710000000000003,1.2545359830856324
56,0.98231999999999997,0.23351912912368775,0.80189999999999995,1.1051142600059509
57,0.97914000000000001,0.2406608971118927,0.77370000000000005,1.339434808254242
58,0.98477999999999999,0.22348506036758423,0.79020000000000001,1.3285164118766786
59,0.98406000000000005,0.22329118845939636,0.78669999999999995,1.3750686010360718
60,0.98663999999999996,0.21558690908432007,0.82520000000000004,1.0716588109970093
61,0.98218000000000005,0.22649496974945069,0.75670000000000004,1.5499708904266358
62,0.98275999999999997,0.22379600818157197,0.79430000000000001,1.1814766860961914
63,0.97875999999999996,0.23333289108753205,0.77600000000000002,1.4737744587898254
64,0.98582000000000003,0.21383447492599486,0.81310000000000004,1.110756199645996
65,0.98048000000000002,0.22725793250560761,0.79149999999999998,1.3299697751045227
66,0.98651999999999995,0.20836850785255431,0.80230000000000001,1.2319044015884399
67,0.98755999999999999,0.20288776908874512,0.81689999999999996,1.1406416490554809
68,0.98897999999999997,0.19517469983100891,0.81989999999999996,1.0797981418609619
69,0.98748000000000002,0.19895452362060548,0.81340000000000001,1.1353838187217713
70,0.98777999999999999,0.19473047384262085,0.80920000000000003,1.1688030673980714
71,0.98270000000000002,0.20874136609077454,0.81689999999999996,1.0780350199699402
72,0.98326000000000002,0.20647704405784606,0.81930000000000003,1.0776266886711121
73,0.98540000000000005,0.19876708890914918,0.82240000000000002,1.0521099480628968
74,0.98895999999999995,0.18917728242874146,0.8175,1.1244173727035522
75,0.98870000000000002,0.18646912563323975,0.82569999999999999,1.1024526464462281
76,0.98685999999999996,0.18885718601226806,0.79620000000000002,1.3969127368927001
77,0.98992000000000002,0.1798661061668396,0.83240000000000003,1.0299008920669557
78,0.98726000000000003,0.18535683398723601,0.81669999999999998,1.1684416015148162
79,0.98546,0.18833651267051696,0.82069999999999999,1.0376065814971924
80,0.98463999999999996,0.19114825275421143,0.81469999999999998,1.0738165901184082
81,0.98717999999999995,0.18407055565834046,0.80659999999999998,1.1627206740856171
82,0.99273999999999996,0.16731288292884827,0.82030000000000003,1.1166648943901063
83,0.99609999999999999,0.15711441275119781,0.84719999999999995,0.9145432423591614
84,0.99927999999999995,0.14754707939147949,0.8498,0.90407962367534633
85,0.99960000000000004,0.14530204400539398,0.85109999999999997,0.90168805770874028
86,0.99970000000000003,0.14449762028217317,0.8538,0.89615788736343382
87,0.99994000000000005,0.14323888455390929,0.85440000000000005,0.89796628468036654
88,0.99980000000000002,0.14279976865768432,0.85340000000000005,0.89519796714782718
89,0.99982000000000004,0.14213982860565186,0.85270000000000001,0.89614398849010468
90,0.99992000000000003,0.14119634243965148,0.8538,0.898550497341156
91,0.99985999999999997,0.14072834934234618,0.85340000000000005,0.90144798982143404
92,0.99994000000000005,0.13987985337257386,0.85470000000000002,0.89962457971572873
93,0.99994000000000005,0.13934154661655426,0.85429999999999995,0.89876252226829534
94,0.99995999999999996,0.1386660418844223,0.85340000000000005,0.89794597973823542
95,0.99987999999999999,0.13824173808097839,0.85329999999999995,0.89654149360656743
96,0.99995999999999996,0.13754398345947266,0.8538,0.8976033089637756
97,0.99995999999999996,0.13694715350151063,0.85360000000000003,0.89689868698120112
98,0.99995999999999996,0.13653034383296966,0.85409999999999997,0.89800149161815646
99,0.99994000000000005,0.1359568808889389,0.8538,0.8965966094732285
100,0.99994000000000005,0.13549230401992798,0.85370000000000001,0.89587371935844418
101,0.99994000000000005,0.13503427002906798,0.85450000000000004,0.89912563927173617
102,0.99997999999999998,0.13444909153938295,0.85429999999999995,0.8986391451358795
103,1.0,0.13398622469902038,0.85429999999999995,0.89821434741020201
104,1.0,0.13338563591957092,0.85440000000000005,0.89640398507118224
105,0.99997999999999998,0.13300681230545044,0.85409999999999997,0.89694018611907955
106,1.0,0.1325609284877777,0.85460000000000003,0.89584101686477657
107,0.99997999999999998,0.13207695616245269,0.85489999999999999,0.8954916300773621
108,0.99995999999999996,0.13166084251403809,0.85409999999999997,0.89669725136756895
109,0.99997999999999998,0.13134731491565704,0.85419999999999996,0.89889776849746705
110,0.99997999999999998,0.13077564470291136,0.85519999999999996,0.89725990545749668
111,0.99995999999999996,0.13040258764266968,0.85499999999999998,0.89853891353607174
112,0.99995999999999996,0.12990879373550415,0.85489999999999999,0.89812032465934755
113,0.99997999999999998,0.12946996210098266,0.85560000000000003,0.89770634078979494
114,1.0,0.1290435191965103,0.85450000000000004,0.89816989088058474
115,1.0,0.12865257756233214,0.85440000000000005,0.89658419837951664
116,1.0,0.12821547994613647,0.85389999999999999,0.89597506632804869
117,1.0,0.1278499132347107,0.85370000000000001,0.89718576924800875
118,0.99997999999999998,0.12745166317939757,0.85419999999999996,0.89681854686737061
119,1.0,0.12703363882064819,0.85299999999999998,0.89656301012039186
120,0.99997999999999998,0.1266828766155243,0.85499999999999998,0.89569677579402929
121,1.0,0.12622834965229035,0.85450000000000004,0.89627474122047424
122,0.99995999999999996,0.1259499994134903,0.85499999999999998,0.89862501809597017
123,0.99997999999999998,0.12558536915779114,0.85489999999999999,0.89633208200931547
124,1.0,0.12533809202671051,0.85589999999999999,0.89794807043075564
125,0.99997999999999998,0.12527036358356475,0.85599999999999998,0.89844701566696172
126,1.0,0.12524634165287019,0.85570000000000002,0.89838015708923336
127,0.99995999999999996,0.12523299801349641,0.85599999999999998,0.89919755647182464
128,1.0,0.12517287152767181,0.85619999999999996,0.89936896696090696
129,0.99995999999999996,0.12517567234754562,0.85570000000000002,0.89984637629985809
130,0.99995999999999996,0.12511481139659883,0.85540000000000005,0.89845201768875127
131,1.0,0.1250485941505432,0.85609999999999997,0.89892751283645633
132,1.0,0.12500318813562394,0.85589999999999999,0.89966660621166228
133,0.99995999999999996,0.12503593431234361,0.85560000000000003,0.89819309213161469
134,0.99995999999999996,0.12504227225303649,0.85489999999999999,0.89920451874732976
135,0.99997999999999998,0.12490667721748352,0.85550000000000004,0.89827478675842287
136,1.0,0.124870646879673,0.85570000000000002,0.89742861185073852
137,0.99997999999999998,0.12487480377197266,0.85580000000000001,0.89772221863269808
138,0.99997999999999998,0.12487105788230896,0.85519999999999996,0.89868068859577177
139,1.0,0.1247548580789566,0.85550000000000004,0.89741218633651731
140,1.0,0.12478405243873596,0.85540000000000005,0.89756800088882449
141,1.0,0.12471914005756378,0.85529999999999995,0.89996528382301333
142,1.0,0.12471741241216659,0.85609999999999997,0.89724150640964506
143,0.99995999999999996,0.12468487552165985,0.85609999999999997,0.89868021907806395
144,1.0,0.12460948559522629,0.85560000000000003,0.89905984547138218
145,0.99997999999999998,0.12458605855464935,0.85470000000000002,0.89936826999187469
146,1.0,0.12456970471382141,0.85550000000000004,0.89726825351715089
147,1.0,0.12455561977863312,0.85529999999999995,0.8990899666786194
148,1.0,0.12448253189563752,0.85599999999999998,0.89852307131290432
149,1.0,0.12444169310569764,0.85570000000000002,0.89753335907459264
150,1.0,0.12444751678466796,0.85519999999999996,0.89795584194660183
151,1.0,0.12443567874908447,0.85529999999999995,0.89892052245140075
152,1.0,0.12439521339416504,0.85540000000000005,0.89806660389900206
153,0.99997999999999998,0.1243390789937973,0.85489999999999999,0.89755876708030702
154,1.0,0.12430909673213959,0.85529999999999995,0.8973289373397827
155,0.99997999999999998,0.12425791938304902,0.85589999999999999,0.89612435860633854
156,1.0,0.12428638416051864,0.85519999999999996,0.89809061069488527
157,1.0,0.12423952668666839,0.85629999999999995,0.89906516258716584
158,1.0,0.12420511863470078,0.85560000000000003,0.8982367791652679
159,1.0,0.12418993642807007,0.85540000000000005,0.89745352544784551
160,1.0,0.12417062666416168,0.85529999999999995,0.89907566151618956
161,1.0,0.12415067689418793,0.85560000000000003,0.89860163025856021
162,0.99997999999999998,0.12414286364078522,0.85529999999999995,0.89783123159408573
163,0.99997999999999998,0.12411195501804352,0.85589999999999999,0.89739557530879976
164,1.0,0.1240559047460556,0.85560000000000003,0.89916801817417147
165,1.0,0.12404838000297547,0.85589999999999999,0.89676602611541745
166,1.0,0.12399395061969758,0.85580000000000001,0.89820252807140355
167,1.0,0.12394080383062363,0.85529999999999995,0.89902368047237391
168,1.0,0.12397072854042053,0.85509999999999997,0.89912421042919155
169,1.0,0.12393656464099884,0.85540000000000005,0.89681930563449863
170,1.0,0.12388257308483124,0.85540000000000005,0.89750006496906276
171,1.0,0.12382458675146103,0.85580000000000001,0.89816057302951813
172,1.0,0.12379073020219802,0.85560000000000003,0.89874136967659002
173,1.0,0.12379209000110626,0.85560000000000003,0.89655857911109926
174,1.0,0.12379935191631317,0.85589999999999999,0.89742830407619478
175,0.99997999999999998,0.12375938735008239,0.85570000000000002,0.8965374460458756
176,1.0,0.1236878890800476,0.85529999999999995,0.8964720108032227
177,1.0,0.12363878207683564,0.85540000000000005,0.89686632549762724
178,0.99997999999999998,0.12367521197557449,0.85589999999999999,0.89685816252231598
179,0.99995999999999996,0.12371339910030366,0.85609999999999997,0.8965724055528641
180,1.0,0.12362911376476288,0.85540000000000005,0.89875296900272372
181,0.99997999999999998,0.12363458415269851,0.85509999999999997,0.89759284369945525
182,1.0,0.12353941999912262,0.85489999999999999,0.8961540073633194
183,0.99997999999999998,0.12357016091585159,0.85529999999999995,0.89782405688762668
184,1.0,0.12348090262413025,0.85519999999999996,0.89969384894371029
185,1.0,0.12350735600471496,0.85529999999999995,0.89806223537921903
186,1.0,0.12349560636997223,0.85550000000000004,0.89846469910144811
187,0.99997999999999998,0.12344038808345795,0.85570000000000002,0.89748766527175905
188,0.99997999999999998,0.12341959576129913,0.85550000000000004,0.89637452745437618
189,0.99997999999999998,0.12343203372955322,0.85570000000000002,0.89835708119869229
190,0.99997999999999998,0.12337747450351715,0.85489999999999999,0.8972488458633423
191,1.0,0.12334723275899886,0.85499999999999998,0.89786159954071043
192,1.0,0.12336715573787689,0.85529999999999995,0.89739543554782863
193,1.0,0.12327230459690094,0.85550000000000004,0.8945603179454803
194,1.0,0.12330773756504058,0.85560000000000003,0.89612271304130553
195,0.99997999999999998,0.12329043984413147,0.85529999999999995,0.89792809832096099
196,1.0,0.12323060962677002,0.85499999999999998,0.89535536096096036
197,1.0,0.12322789514064789,0.85499999999999998,0.89830412626266476
198,0.99997999999999998,0.12317712511777877,0.8548,0.89868233742713932
199,1.0,0.12316602072000503,0.85540000000000005,0.89664424328804015
